valores explicados de cada componente

[0.41404506 0.17509332]
                       PC1       PC2       PC3       PC4       PC5       PC6
No.               0.596505  0.027967 -0.057458 -0.196060 -0.294983  0.717386
Time              0.585550  0.022997 -0.094603 -0.227970 -0.334889 -0.695364
Length           -0.163355  0.827176 -0.128055  0.312119 -0.418612  0.006498
Source_Hash       0.378784 -0.216624 -0.051616  0.891870  0.104540 -0.023915
Destination_Hash  0.328877  0.481033 -0.177800 -0.125389  0.782788 -0.018847
Protocol_Hash     0.151624  0.190132  0.968026  0.031897  0.043738 -0.029252
[0.39733168 0.20555843]
                       PC1       PC2       PC3       PC4       PC5       PC6
No.               0.599066  0.127545 -0.296715 -0.018829 -0.158859  0.714998
Time              0.588926  0.129535 -0.322298 -0.044155 -0.208764 -0.697839
Length           -0.271282  0.574418 -0.176182  0.690997 -0.296507  0.004034
Source_Hash       0.342589 -0.451206  0.176468  0.713798  0.370624 -0.032177
Destination_Hash  0.217850  0.655290  0.319939 -0.102902  0.639881 -0.027191
Protocol_Hash     0.236362  0.063284  0.802211  0.011073 -0.544477  0.002900
[0.34338646 0.20017522]
                       PC1       PC2       PC3       PC4       PC5       PC6
No.               0.645675 -0.236643  0.036643  0.134250  0.069488  0.709161
Time              0.643566 -0.208345  0.073823  0.201478  0.052513 -0.702577
Length           -0.325716 -0.434867  0.334317  0.307754  0.705886  0.006742
Source_Hash       0.039643  0.681182 -0.052397  0.711761  0.152018  0.044281
Destination_Hash -0.057604  0.023969  0.860714  0.144516 -0.482809  0.035922
Protocol_Hash     0.240721  0.496890  0.371304 -0.564963  0.487776 -0.013390
